29,1
28,1
16,1
14,1
29,10
29,9
29,7
29,3
29,2
29,0
28,5
28,3
28,2
28,0
19,4
19,3
16,409
16,378
16,377
16,376
16,375
16,374
16,373
16,372
16,371
16,370
16,369
16,368
16,367
16,366
16,365
16,364
16,363
16,362
16,343
16,342
16,341
16,340
16,339
16,338
16,331
16,330
16,329
16,328
16,327
16,326
16,325
16,324
16,323
16,322
16,321
16,320
16,168
16,167
16,166
16,162
16,161
16,160
16,159
16,158
16,157
16,155
16,154
16,153
16,152
16,151
16,150
16,149
16,148
16,147
16,146
16,145
16,144
16,143
16,142
16,141
16,140
16,139
16,138
16,137
16,136
16,135
16,134
16,133
16,132
16,131
16,130
16,38
16,15
16,12
16,8
16,7
16,6
16,5
16,4
16,3
16,2
16,0
15,103
15,90
15,89
15,65
15,17
15,14
15,13
15,12
15,4
15,3
15,2
15,1
15,0
14,203
14,202
14,201
14,200
14,199
14,198
14,197
14,196
14,120
14,116
14,5
14,4
14,3
14,2
14,0
12,8
12,7
12,6
12,5
12,4
12,3
11,5
11,4
11,3
10,4
10,3
9,3
6,5
6,4
6,3
2,7
2,6
2,5
2,4
1,3
9,5
10,0
10,2
11,0
11,2
12,1
12,2
13,1
13,2
13,4
14,8
14,115
14,118
14,119
14,122
14,123
14,125
14,127
14,128
14,130
14,192
15,5
15,7
15,8
15,10
15,11
15,16
15,19
15,21
15,23
15,24
15,27
15,28
15,30
15,32
15,33
15,35
15,36
15,64
15,67
15,68
15,70
15,71
15,73
15,74
15,76
15,78
15,79
15,81
15,82
15,84
15,86
15,87
16,9
16,10
16,13
16,14
16,20
16,22
16,23
16,25
16,26
16,28
16,30
16,31
16,33
16,34
16,36
16,37
16,89
16,91
16,92
16,94
16,96
16,98
16,104
16,105
16,107
16,108
16,110
16,118
16,120
16,122
16,123
16,127
16,128
16,190
16,192
16,193
16,195
16,196
16,379
16,381
16,382
16,384
16,385
16,387
16,388
16,390
16,392
16,393
16,395
16,396
16,398
17,1
17,2
17,4
18,0
18,2
18,3
18,5
18,7
18,8
18,10
19,0
19,2
20,1
20,2
20,4
21,0
21,2
21,3
21,5
22,1
22,2
22,4
23,0
23,2
23,4
23,5
23,7
23,6
23,3
23,1
22,3
22,0
21,4
21,1
20,3
20,0
19,1
18,9
18,6
18,4
18,1
17,3
17,0
16,397
16,394
16,391
16,389
16,386
16,383
16,380
16,197
16,194
16,191
16,129
16,124
16,121
16,119
16,109
16,106
16,99
16,97
16,93
16,90
16,88
16,35
16,32
16,29
16,27
16,24
16,21
16,19
16,11
15,88
15,85
15,83
15,80
15,77
15,75
15,72
15,69
15,66
15,37
15,34
15,31
15,29
15,25
15,22
15,20
15,15
15,9
15,6
14,214
14,129
14,126
14,124
14,121
14,117
14,7
13,3
13,0
12,0
11,1
10,1
9,4
9,2
9,1
9,0
8,5
8,4
8,3
8,2
8,1
8,0
7,5
7,4
7,3
7,2
7,1
7,0
6,2
6,1
6,0
5,6
5,5
5,4
5,3
5,2
5,1
5,0
4,3
2,3
2,2
2,1
2,0
0,9
0,243
0,1
0,300
0,299
0,298
0,297
0,296
0,295
0,294
0,293
0,292
0,291
0,290
0,289
0,288
0,287
0,286
0,285
0,284
0,283
0,282
0,281
0,280
0,279
0,278
0,277
0,276
0,275
0,274
0,273
0,272
0,271
0,270
0,269
0,268
0,267
0,266
0,265
0,264
0,263
0,262
0,261
0,260
0,259
0,258
0,257
0,256
0,255
0,254
0,253
0,252
0,251
0,250
0,249
0,248
0,247
0,246
0,245
0,244
0,242
0,241
0,240
0,239
0,238
0,237
0,236
0,235
0,234
0,233
0,232
0,231
0,230
0,229
0,228
0,227
0,226
0,225
0,224
0,223
0,222
0,221
0,220
0,219
0,218
0,217
0,216
0,215
0,214
0,213
0,212
0,211
0,210
0,209
0,208
0,207
0,206
0,205
0,204
0,203
0,202
0,201
0,200
0,199
0,198
0,197
0,196
0,195
0,194
0,193
0,192
0,63
0,62
0,61
0,60
0,59
0,58
0,57
0,56
0,55
0,54
0,53
0,52
0,51
0,50
0,49
0,48
0,47
0,46
0,45
0,6
0,0
0,5
0,304
0,303
0,306
0,305
0,302
0,12
0,312
0,10
0,8
0,11
0,4
0,2
0,3
0,7
